478 
97 
387 
442 
328 
447 
369 
428 
289 
451 
411 
468 
402 
432 
481 
223 
58 
353 
363 
322 
178 
123 
65 
444 
187 
268 
489 
55 
331 
444 
56 
438 
22 
56 
54 
484 
95 
75 
457 
236 
389 
370 
455 
392 
379 
258 
185 
21 
270 
473 
91 
50 
74 
266 
327 
354 
32 
443 
254 
60 
458 
313 
97 
346 
395 
474 
445 
346 
378 
497 
128 
484 
396 
127 
434 
309 
168 
173 
64 
429 
83 
468 
285 
359 
353 
6 
363 
257 
229 
200 
452 
152 
322 
397 
278 
75 
273 
109 
497 
406 